16924753 0.2263154915343362
1684951 -0.10294322363319755
14277316 0.016977117791477054
2531850 0.07799386342490497
1334358 -0.11154496481367754
732318 1.2844003334293297
16607963 -1.8336206413756615
7032874 -0.6547245479218512
3345820 -0.46004492724362206
12071005 1.5002138503844562
13786720 -0.05165205478987437
15280084 -0.07028363218678235
5132258 -2.9146448025285894
3834873 -1.8528033580065253
12840251 -1.1713057666562108
11151708 0.29316606503055576
4622453 -0.004643906043800373
4740949 -0.057686309096804125
502933 0.018493356269961167
16262548 -0.19219044731216242
12520486 1.8061215222127454
8486542 0.4483633338543716
13244754 -0.1276498769929569
16634017 -2.3644458464732336
9488183 1.4890589293458356
2268646 0.4293406904028582
14673211 -0.14800024994504593
15763614 -1.5076209258826718
11849208 -0.5513955537363654
11257538 0.7600074158467184
11256162 0.7089852136822024
5007762 -0.021875809278612556
751361 -0.32944862084601567
7138420 4.170085772509463
6886549 0.21267917653239712
2151090 1.5995877965081287
13277771 -0.1719950877054193
16420767 0.6387569613795514
1098039 -0.041392578636600334
5038177 -0.00876174254773588
687399 -5.860000332966638
15355725 -0.08125174484256262
16578011 0.47776229211327775
16846927 -0.8958808897108828
12556952 -0.41806520356796983
4570201 -0.24409698296035098
2618847 0.011141017527908149
15852814 -1.5714144627377487
9161754 0.30892314411112864
8712816 -0.4851728516504224
579812 0.07614542666607753
1489152 -0.004213090053969567
1647570 -0.11355270002403002
5976772 -1.9056741865623696
1392829 -3.1499216669859894e-05
11308380 0.07776939400302785
1392402 -3.106725128932895
15239673 -0.47133854751717924
2608046 -1.4474905591174347
10719880 -0.7761231844155639
20803669 -0.2030696872008969
3276913 2.07353496550971
8378240 2.9512267286100617
3613081 0.039154599139294845
1947485 -0.5928182501291118
20710612 -0.5302707740218162
2445936 -0.8960808958300422
146237 -0.006887773271179875
628829 -0.06501259070522371
12055589 -0.008316209048206246
11249430 -1.0311839501194002
14797436 -1.2626502512228421
6410787 1.2815512451395135
9160597 0.03286585182336326
15851118 0.21890011457936429
2561407 -0.08961291743534935
7070524 0.22785364547169665
12082040 -0.06406217166289505
20230573 -0.1298392246386078
18102013 0.47411978479288863
6386522 -1.1361955541302826
16069867 -0.012859509226229363
1530663 -0.04649890206205022
12478178 4.764963966300867
12931461 0.20827089480868524
3052487 1.0489719454077262
4413799 -0.29617792781031393
20219062 -0.019208375207467484
7394549 -0.09343222928221258
2087722 -4.224829162014151
450007 0.006979712597365586
16870129 -0.3863412525595725
9628004 -0.4745928166708519
6649062 0.9839137196083099
9810548 0.006199581426332962
1053510 0.1671733072330255
9047528 -1.009034970545586
11611203 0.00898197331665044
10048264 1.6809237827525532
8583675 -0.08952571053655353
